<Places>
455
509
0
458
503
1
468
492
2
464
528
3
637
677
4
622
669
5
648
665
6
642
684
7
627
680
8
646
682
9
643
693
10
630
665
11
635
672
12
959
14
13
57
63
14
87
422
15
897
140
16
185
252
17
717
37
18
936
354
19
386
234
20
681
321
21
263
454
22
253
410
23
903
91
24
598
451
25
874
245
26
532
646
27
773
79
28
211
155
29
376
623
30
710
267
31
</Places>
<Edges>
1
0
1000
2
1
1001
3
0
1002
3
1
1003
3
2
1004
6
4
1005
7
4
1006
8
4
1007
8
5
1008
8
7
1009
9
4
10010
9
6
10011
9
7
10012
10
7
10013
10
8
10014
10
9
10015
11
5
10016
11
6
10017
12
4
10018
12
5
10019
12
6
10020
12
8
10021
12
11
10022
15
14
10023
16
13
10024
17
14
10025
17
15
10026
18
13
10027
18
14
10028
19
10
10029
19
13
10030
19
16
10031
20
2
10032
20
17
10033
20
18
10034
21
19
10035
21
20
10036
22
2
10037
22
15
10038
23
2
10039
23
15
10040
23
17
10041
23
20
10042
23
22
10043
24
13
10044
24
16
10045
25
3
10046
25
11
10047
25
19
10048
25
20
10049
25
21
10050
26
16
10051
26
19
10052
26
21
10053
27
3
10054
27
11
10055
27
25
10056
28
13
10057
28
16
10058
28
18
10059
28
24
10060
28
26
10061
29
14
10062
29
17
10063
29
18
10064
29
20
10065
30
3
10066
30
10
10067
30
15
10068
30
22
10069
30
27
10070
31
18
10071
31
20
10072
31
21
10073
31
26
10074
31
28
10075
</Edges>
