<Places>
892
669
0
897
686
1
874
666
2
911
682
3
896
678
4
897
677
5
629
125
6
614
138
7
640
109
8
614
113
9
613
125
10
622
111
11
640
121
12
618
132
13
633
115
14
340
324
15
104
192
16
74
596
17
676
511
18
203
573
19
451
393
20
43
266
21
502
213
22
382
447
23
485
484
24
168
377
25
323
578
26
179
563
27
433
94
28
312
364
29
808
1
30
368
495
31
</Places>
<Edges>
2
0
1000
2
1
1001
3
0
1002
3
1
1003
4
0
1004
4
1
1005
4
2
1006
5
0
1007
5
1
1008
5
3
1009
5
4
10010
7
6
10011
10
6
10012
10
7
10013
10
9
10014
11
6
10015
11
8
10016
11
9
10017
11
10
10018
12
6
10019
12
7
10020
12
8
10021
13
6
10022
13
7
10023
13
10
10024
14
6
10025
14
8
10026
14
11
10027
14
12
10028
16
15
10029
17
1
10030
18
2
10031
18
12
10032
19
17
10033
20
15
10034
20
18
10035
21
16
10036
21
17
10037
22
10
10038
22
15
10039
22
18
10040
22
20
10041
23
15
10042
23
20
10043
24
18
10044
24
20
10045
24
23
10046
25
15
10047
25
16
10048
25
17
10049
25
19
10050
25
21
10051
26
2
10052
26
17
10053
26
18
10054
26
19
10055
26
24
10056
27
17
10057
27
19
10058
27
25
10059
28
11
10060
28
15
10061
28
16
10062
28
22
10063
29
15
10064
29
19
10065
29
23
10066
29
25
10067
30
3
10068
30
12
10069
30
18
10070
30
28
10071
31
19
10072
31
23
10073
31
24
10074
31
26
10075
31
29
10076
</Edges>
