places
542.0
75.0
527.0
83.0
533.0
94.0
546.0
67.0
548.0
56.0
550.0
56.0
542.0
76.0
559.0
62.0
551.0
91.0
540.0
60.0
491.0
278.0
482.0
285.0
508.0
274.0
509.0
273.0
510.0
294.0
504.0
263.0
476.0
294.0
473.0
286.0
495.0
259.0
476.0
287.0
113.0
556.0
276.0
683.0
397.0
19.0
613.0
530.0
952.0
123.0
62.0
428.0
665.0
461.0
657.0
116.0
888.0
633.0
337.0
454.0
229.0
224.0
964.0
670.0
end places
edges
527.0
83.0
542.0
75.0
533.0
94.0
527.0
83.0
546.0
67.0
542.0
75.0
548.0
56.0
546.0
67.0
550.0
56.0
546.0
67.0
550.0
56.0
548.0
56.0
542.0
76.0
542.0
75.0
542.0
76.0
527.0
83.0
542.0
76.0
533.0
94.0
542.0
76.0
546.0
67.0
559.0
62.0
546.0
67.0
559.0
62.0
550.0
56.0
551.0
91.0
533.0
94.0
551.0
91.0
546.0
67.0
551.0
91.0
542.0
76.0
551.0
91.0
559.0
62.0
540.0
60.0
542.0
75.0
540.0
60.0
527.0
83.0
540.0
60.0
546.0
67.0
540.0
60.0
548.0
56.0
482.0
285.0
491.0
278.0
508.0
274.0
491.0
278.0
509.0
273.0
508.0
274.0
510.0
294.0
491.0
278.0
510.0
294.0
482.0
285.0
510.0
294.0
508.0
274.0
510.0
294.0
509.0
273.0
504.0
263.0
533.0
94.0
504.0
263.0
491.0
278.0
504.0
263.0
508.0
274.0
504.0
263.0
509.0
273.0
476.0
294.0
482.0
285.0
476.0
294.0
510.0
294.0
473.0
286.0
491.0
278.0
473.0
286.0
482.0
285.0
473.0
286.0
476.0
294.0
495.0
259.0
491.0
278.0
495.0
259.0
504.0
263.0
495.0
259.0
473.0
286.0
476.0
287.0
482.0
285.0
476.0
287.0
476.0
294.0
476.0
287.0
473.0
286.0
276.0
683.0
113.0
556.0
397.0
19.0
540.0
60.0
397.0
19.0
495.0
259.0
613.0
530.0
476.0
294.0
613.0
530.0
276.0
683.0
952.0
123.0
559.0
62.0
62.0
428.0
113.0
556.0
665.0
461.0
510.0
294.0
665.0
461.0
613.0
530.0
665.0
461.0
952.0
123.0
657.0
116.0
551.0
91.0
657.0
116.0
504.0
263.0
657.0
116.0
952.0
123.0
657.0
116.0
665.0
461.0
888.0
633.0
276.0
683.0
888.0
633.0
613.0
530.0
888.0
633.0
952.0
123.0
888.0
633.0
665.0
461.0
337.0
454.0
473.0
286.0
337.0
454.0
113.0
556.0
337.0
454.0
276.0
683.0
337.0
454.0
613.0
530.0
337.0
454.0
62.0
428.0
229.0
224.0
495.0
259.0
229.0
224.0
397.0
19.0
229.0
224.0
62.0
428.0
229.0
224.0
337.0
454.0
964.0
670.0
276.0
683.0
964.0
670.0
952.0
123.0
964.0
670.0
888.0
633.0
end edges
