<User>
2012
180
3258
3258
</User>
<Places>
3258
542
75
33
97
3891
527
83
29
36
2732
533
94
115
22
2135
546
67
67
85
2218
548
56
19
3
1975
550
56
45
55
4910
542
76
46
20
1863
559
62
82
36
4328
551
91
68
69
2466
540
60
100
29
2710
491
278
111
78
807
482
285
59
39
1063
508
274
86
17
3854
509
273
96
63
418
510
294
103
38
4825
504
263
26
84
1722
476
294
83
61
4104
473
286
27
31
3405
495
259
119
83
3624
476
287
18
3
4170
113
556
18
65
1998
276
683
83
39
233
397
19
13
79
2653
613
530
55
34
2356
952
123
107
91
1117
62
428
69
95
329
665
461
51
90
2153
657
116
91
69
157
888
633
83
74
4326
337
454
62
90
4517
229
224
43
23
2192
964
670
84
63
</Places>
<Paths>
1985
3891
3258
0
0
1166
2732
3891
0
0
1981
2135
3258
0
0
1240
2218
2135
0
0
4089
1975
2135
0
0
534
1975
2218
0
0
1123
4910
3258
0
0
696
4910
3891
0
0
3000
4910
2732
0
0
749
4910
2135
0
0
818
1863
2135
0
0
1075
1863
1975
0
0
2936
4328
2732
0
0
128
4328
2135
0
0
593
4328
4910
0
0
1218
4328
1863
0
0
4977
2466
3258
0
0
2792
2466
3891
0
0
3209
2466
2135
0
0
4491
2466
2218
0
0
1234
807
2710
0
0
601
1063
2710
0
0
1030
3854
1063
0
0
2513
418
2710
0
0
3911
418
807
0
0
2990
418
1063
0
0
4808
418
3854
0
0
954
4825
2732
0
11
1176
4825
2710
0
0
1880
4825
1063
0
0
4590
4825
3854
0
0
91
1722
807
0
0
1357
1722
418
0
0
664
4104
2710
0
0
4217
4104
807
0
0
1225
4104
1722
0
0
1453
3405
2710
0
0
3072
3405
4825
0
0
2873
3405
4104
0
0
4932
3624
807
0
0
903
3624
1722
0
0
4610
3624
4104
0
0
821
1998
4170
0
15
1170
233
2466
0
19
628
233
3405
0
21
2786
2653
1722
0
12
647
2653
1998
0
1
885
2356
1863
0
6
1426
1117
4170
0
28
4285
329
418
0
4
3864
329
2653
0
13
4225
329
2356
0
22
1031
2153
4328
0
10
255
2153
4825
0
20
4113
2153
2356
0
21
1656
2153
329
0
18
3814
157
1998
0
10
3410
157
2653
0
1
472
157
2356
0
5
1406
157
329
0
1
1914
4326
4104
0
6
3728
4326
4170
0
12
2753
4326
1998
0
27
3334
4326
2653
0
29
2460
4326
1117
0
13
2419
4517
3405
0
2
2018
4517
233
0
0
53
4517
1117
0
3
400
4517
4326
0
15
2430
2192
1998
0
24
2414
2192
2356
0
9
4221
2192
157
0
13
</Paths>
<Tags>
</Tags>
