<Places>
971
683
0
990
694
1
988
668
2
981
684
3
971
687
4
971
697
5
898
344
6
885
339
7
903
335
8
908
335
9
826
78
10
660
286
11
420
508
12
109
382
13
354
99
14
232
591
15
0
383
16
460
476
17
638
382
18
786
574
19
134
490
20
144
644
21
520
149
22
347
106
23
544
470
24
654
584
25
17
33
26
511
377
27
47
69
28
779
108
29
282
254
30
817
542
31
</Places>
<Edges>
2
0
1000
2
1
1001
3
0
1002
3
1
1003
3
2
1004
4
0
1005
4
3
1006
5
1
1007
5
3
1008
5
4
1009
6
2
10010
7
6
10011
8
6
10012
8
7
10013
9
6
10014
9
8
10015
10
9
10016
11
7
10017
14
10
10018
15
12
10019
16
13
10020
17
12
10021
18
7
10022
18
11
10023
19
5
10024
19
18
10025
20
12
10026
20
13
10027
20
15
10028
20
16
10029
21
5
10030
21
15
10031
21
16
10032
21
20
10033
22
10
10034
22
11
10035
22
14
10036
23
14
10037
23
22
10038
24
12
10039
24
17
10040
24
18
10041
25
5
10042
25
12
10043
25
15
10044
25
18
10045
25
19
10046
25
21
10047
25
24
10048
26
10
10049
26
14
10050
26
16
10051
27
11
10052
27
17
10053
27
18
10054
27
22
10055
27
24
10056
28
13
10057
28
14
10058
28
16
10059
28
23
10060
28
26
10061
29
8
10062
29
10
10063
29
11
10064
29
22
10065
30
12
10066
30
13
10067
30
17
10068
30
20
10069
30
22
10070
30
23
10071
30
27
10072
30
28
10073
31
2
10074
31
7
10075
31
18
10076
31
19
10077
</Edges>
