<Places>
49
206
0
50
206
1
35
193
2
55
200
3
61
222
4
63
187
5
180
166
6
185
171
7
170
169
8
171
154
9
949
283
10
901
75
11
838
306
12
647
271
13
668
88
14
272
574
15
900
8
16
882
582
17
346
603
18
98
456
19
468
616
20
384
521
21
731
312
22
716
107
23
342
689
24
729
301
25
802
627
26
946
643
27
502
113
28
568
315
29
588
360
30
508
584
31
</Places>
<Edges>
1
0
1000
2
0
1001
3
0
1002
3
1
1003
3
2
1004
4
0
1005
4
1
1006
4
3
1007
5
2
1008
5
3
1009
5
4
10010
7
4
10011
7
6
10012
8
6
10013
8
7
10014
9
6
10015
9
7
10016
9
8
10017
11
10
10018
12
10
10019
12
11
10020
14
13
10021
16
9
10022
16
10
10023
16
11
10024
16
14
10025
17
10
10026
17
12
10027
18
15
10028
19
4
10029
19
7
10030
19
15
10031
20
18
10032
21
7
10033
21
15
10034
21
18
10035
21
19
10036
21
20
10037
22
12
10038
22
13
10039
22
17
10040
23
11
10041
23
12
10042
23
13
10043
23
14
10044
23
16
10045
24
15
10046
24
18
10047
24
19
10048
24
20
10049
25
12
10050
25
13
10051
25
22
10052
25
23
10053
26
17
10054
26
20
10055
26
22
10056
26
24
10057
27
10
10058
27
17
10059
27
24
10060
27
26
10061
28
9
10062
28
13
10063
28
14
10064
28
16
10065
29
7
10066
29
13
10067
29
21
10068
29
28
10069
30
13
10070
30
21
10071
30
22
10072
30
26
10073
30
29
10074
31
20
10075
31
21
10076
31
26
10077
31
30
10078
</Edges>
