<Places>
831
75
0
825
59
1
840
84
2
844
57
3
820
62
4
826
74
5
844
87
6
828
66
7
34
431
8
43
432
9
41
413
10
27
417
11
972
358
12
644
689
13
574
689
14
178
323
15
378
139
16
158
520
17
638
468
18
616
562
19
502
515
20
575
396
21
604
8
22
233
385
23
569
329
24
650
106
25
363
565
26
864
198
27
742
518
28
745
555
29
293
511
30
350
330
31
</Places>
<Edges>
2
0
1000
3
0
1001
3
1
1002
3
2
1003
4
1
1004
5
0
1005
5
2
1006
5
4
1007
6
2
1008
6
3
1009
7
0
10010
7
1
10011
7
3
10012
7
4
10013
7
5
10014
9
8
10015
10
8
10016
10
9
10017
11
8
10018
11
10
10019
12
6
10020
13
12
10021
14
13
10022
15
11
10023
16
11
10024
16
15
10025
17
9
10026
17
14
10027
19
13
10028
19
14
10029
19
18
10030
20
14
10031
20
18
10032
20
19
10033
21
18
10034
21
20
10035
22
4
10036
22
16
10037
23
9
10038
23
15
10039
23
17
10040
24
16
10041
24
18
10042
24
21
10043
25
5
10044
25
16
10045
25
22
10046
25
24
10047
26
14
10048
26
17
10049
26
20
10050
27
6
10051
27
12
10052
27
18
10053
27
24
10054
27
25
10055
28
12
10056
28
18
10057
28
19
10058
28
27
10059
29
12
10060
29
13
10061
29
19
10062
29
28
10063
30
17
10064
30
20
10065
30
23
10066
30
26
10067
31
15
10068
31
16
10069
31
20
10070
31
21
10071
31
23
10072
31
24
10073
31
30
10074
</Edges>
