<Places>
575
587
0
574
583
1
557
598
2
587
589
3
438
632
4
447
626
5
447
624
6
426
632
7
404
438
8
820
8
9
817
684
10
251
47
11
756
104
12
838
423
13
812
197
14
544
322
15
622
497
16
530
174
17
946
156
18
536
133
19
950
539
20
278
300
21
250
295
22
198
485
23
230
305
24
136
189
25
495
316
26
644
419
27
148
414
28
76
347
29
153
246
30
329
185
31
</Places>
<Edges>
1
0
1000
2
0
1001
2
1
1002
3
0
1003
3
1
1004
3
2
1005
5
4
1006
6
2
1007
6
4
1008
6
5
1009
7
4
10010
7
6
10011
8
2
10012
8
7
10013
10
3
10014
10
7
10015
11
9
10016
12
9
10017
13
10
10018
14
12
10019
14
13
10020
15
8
10021
15
14
10022
16
3
10023
16
8
10024
16
10
10025
16
13
10026
16
15
10027
17
12
10028
17
14
10029
17
15
10030
18
9
10031
18
12
10032
18
13
10033
18
14
10034
19
9
10035
19
11
10036
19
12
10037
19
17
10038
20
10
10039
20
13
10040
20
18
10041
21
8
10042
22
21
10043
23
7
10044
23
8
10045
23
21
10046
24
21
10047
24
22
10048
24
23
10049
25
11
10050
26
8
10051
26
15
10052
26
17
10053
26
21
10054
27
13
10055
27
14
10056
27
15
10057
27
16
10058
28
23
10059
28
24
10060
29
23
10061
29
24
10062
29
25
10063
29
28
10064
30
22
10065
30
24
10066
30
25
10067
30
29
10068
31
11
10069
31
17
10070
31
19
10071
31
21
10072
31
22
10073
31
25
10074
31
26
10075
31
30
10076
</Edges>
