<Places>
727
149
0
734
156
1
730
165
2
733
143
3
726
138
4
804
499
5
804
509
6
820
508
7
785
517
8
812
495
9
276
209
10
868
87
11
211
301
12
454
606
13
636
34
14
695
574
15
592
641
16
489
388
17
977
293
18
163
643
19
59
451
20
845
413
21
975
430
22
486
97
23
23
595
24
978
339
25
421
21
26
908
608
27
446
452
28
438
110
29
375
397
30
253
405
31
</Places>
<Edges>
1
0
1000
2
0
1001
2
1
1002
3
0
1003
3
1
1004
4
0
1005
4
3
1006
6
5
1007
7
6
1008
8
5
1009
8
6
10010
8
7
10011
9
5
10012
9
6
10013
9
7
10014
11
4
10015
12
10
10016
14
4
10017
14
11
10018
15
8
10019
16
13
10020
16
15
10021
17
2
10022
17
8
10023
17
15
10024
18
2
10025
18
11
10026
19
13
10027
19
16
10028
20
10
10029
20
12
10030
20
19
10031
21
2
10032
21
9
10033
21
17
10034
21
18
10035
22
7
10036
22
21
10037
23
2
10038
23
14
10039
23
17
10040
24
19
10041
24
20
10042
25
18
10043
25
21
10044
25
22
10045
26
10
10046
26
14
10047
26
23
10048
27
8
10049
27
15
10050
27
16
10051
27
22
10052
28
13
10053
28
15
10054
28
16
10055
28
17
10056
29
10
10057
29
17
10058
29
23
10059
29
26
10060
30
10
10061
30
12
10062
30
13
10063
30
17
10064
30
28
10065
30
29
10066
31
12
10067
31
13
10068
31
19
10069
31
20
10070
31
30
10071
</Edges>
