<Places>
358
351
0
358
354
1
358
355
2
350
332
3
376
357
4
358
363
5
369
340
6
352
355
7
343
365
8
801
312
9
815
301
10
797
317
11
785
301
12
811
301
13
818
310
14
788
310
15
894
559
16
305
506
17
85
389
18
302
556
19
842
279
20
24
644
21
674
588
22
769
520
23
543
274
24
643
420
25
517
463
26
853
472
27
572
80
28
754
225
29
248
108
30
696
652
31
</Places>
<Edges>
1
0
1000
2
1
1001
3
0
1002
4
0
1003
4
1
1004
4
2
1005
5
2
1006
5
4
1007
6
0
1008
6
3
1009
6
4
10010
7
0
10011
7
1
10012
7
2
10013
7
3
10014
7
5
10015
8
3
10016
8
5
10017
8
7
10018
11
9
10019
12
9
10020
13
9
10021
13
10
10022
13
12
10023
14
9
10024
14
10
10025
14
11
10026
14
13
10027
15
9
10028
15
11
10029
15
12
10030
17
8
10031
18
8
10032
18
17
10033
19
17
10034
19
18
10035
20
14
10036
20
16
10037
21
18
10038
21
19
10039
22
19
10040
23
11
10041
23
16
10042
23
22
10043
24
6
10044
25
15
10045
25
22
10046
25
23
10047
25
24
10048
26
4
10049
26
17
10050
26
19
10051
26
22
10052
26
24
10053
26
25
10054
27
14
10055
27
16
10056
27
20
10057
27
23
10058
28
20
10059
28
24
10060
29
13
10061
29
20
10062
29
24
10063
29
25
10064
29
28
10065
30
3
10066
30
18
10067
30
24
10068
30
28
10069
31
16
10070
31
19
10071
31
21
10072
31
22
10073
31
23
10074
</Edges>
