<User>
2012
4000
180
0
0
</User>
<Places>
0
37
59
1
96
70
2
104
8
3
89
62
4
41
82
5
73
63
6
18
62
7
40
74
8
30
15
9
90
15
10
45
62
11
14
54
12
89
69
13
73
90
14
114
92
15
55
75
16
92
36
17
38
16
18
24
12
19
18
53
20
37
30
21
27
82
22
68
83
23
79
95
24
27
51
25
87
46
26
70
28
27
10
75
28
23
72
29
112
44
30
44
61
31
91
42
</Places>
<Paths>
1000
1
0
0
1001
2
1
0
1002
3
0
0
1003
4
0
0
1004
4
1
0
1005
4
2
0
1006
5
2
0
1007
5
4
0
1008
6
0
0
1009
6
3
0
10010
6
4
0
10011
7
0
0
10012
7
1
0
10013
7
2
0
10014
7
3
0
10015
7
5
0
10016
8
3
0
10017
8
5
0
10018
8
7
0
10019
11
9
0
10020
12
9
0
10021
13
9
0
10022
13
10
0
10023
13
12
0
10024
14
9
0
10025
14
10
0
10026
14
11
0
10027
14
13
0
10028
15
9
0
10029
15
11
0
10030
15
12
0
10031
17
8
26
10032
18
8
4
10033
18
17
15
10034
19
17
21
10035
19
18
26
10036
20
14
18
10037
20
16
2
10038
21
18
7
10039
21
19
12
10040
22
19
16
10041
23
11
7
10042
23
16
12
10043
23
22
1
10044
24
6
14
10045
25
15
25
10046
25
22
16
10047
25
23
8
10048
25
24
27
10049
26
4
15
10050
26
17
25
10051
26
19
17
10052
26
22
21
10053
26
24
5
10054
26
25
6
10055
27
14
9
10056
27
16
15
10057
27
20
26
10058
27
23
10
10059
28
20
3
10060
28
24
29
10061
29
13
4
10062
29
20
15
10063
29
24
22
10064
29
25
2
10065
29
28
15
10066
30
3
14
10067
30
18
21
10068
30
24
23
10069
30
28
16
10070
31
16
18
10071
31
19
6
10072
31
21
22
10073
31
22
9
10074
31
23
4
</Paths>
<Tags>
</Tags>
