<Places>
124
222
0
106
220
1
111
214
2
107
236
3
133
203
4
114
219
5
143
221
6
129
231
7
139
227
8
413
491
9
394
483
10
413
473
11
815
257
12
36
610
13
191
359
14
290
529
15
325
538
16
313
19
17
484
172
18
962
662
19
684
405
20
857
155
21
621
93
22
531
629
23
938
628
24
632
270
25
26
1
26
546
377
27
531
269
28
245
406
29
905
648
30
968
38
31
</Places>
<Edges>
2
0
1000
2
1
1001
3
0
1002
3
1
1003
4
0
1004
4
2
1005
5
0
1006
5
1
1007
5
2
1008
5
3
1009
6
0
10010
6
4
10011
7
0
10012
7
3
10013
8
0
10014
8
6
10015
8
7
10016
10
9
10017
11
9
10018
11
10
10019
13
3
10020
14
8
10021
14
13
10022
15
10
10023
15
13
10024
16
10
10025
16
13
10026
16
15
10027
17
6
10028
18
6
10029
18
14
10030
18
17
10031
20
12
10032
21
12
10033
22
12
10034
22
17
10035
22
18
10036
22
21
10037
23
9
10038
23
13
10039
23
16
10040
23
19
10041
23
20
10042
24
12
10043
24
19
10044
24
20
10045
24
21
10046
25
12
10047
25
20
10048
25
22
10049
26
4
10050
26
13
10051
26
17
10052
27
11
10053
27
20
10054
27
23
10055
27
25
10056
28
11
10057
28
18
10058
28
22
10059
28
25
10060
28
27
10061
29
11
10062
29
13
10063
29
14
10064
29
15
10065
29
18
10066
29
28
10067
30
19
10068
30
20
10069
30
23
10070
30
24
10071
31
17
10072
31
19
10073
31
21
10074
31
22
10075
31
24
10076
</Edges>
