<Places>
832
428
0
842
433
1
842
441
2
816
444
3
840
424
4
955
641
5
972
634
6
941
642
7
968
624
8
964
648
9
873
198
10
277
253
11
73
324
12
649
167
13
48
139
14
896
108
15
369
605
16
113
61
17
411
517
18
687
340
19
428
245
20
688
680
21
179
512
22
463
498
23
161
270
24
719
316
25
34
62
26
538
213
27
163
599
28
596
292
29
234
553
30
497
478
31
</Places>
<Edges>
1
0
1000
2
0
1001
2
1
1002
3
0
1003
3
2
1004
4
0
1005
4
1
1006
6
5
1007
7
5
1008
8
0
1009
8
5
10010
8
6
10011
8
7
10012
9
5
10013
9
6
10014
9
7
10015
10
4
10016
10
8
10017
13
10
10018
14
12
10019
15
8
10020
15
10
10021
15
13
10022
17
11
10023
17
13
10024
17
14
10025
17
15
10026
18
11
10027
18
16
10028
19
3
10029
20
11
10030
20
17
10031
20
18
10032
21
3
10033
21
9
10034
21
16
10035
22
11
10036
22
12
10037
22
18
10038
23
16
10039
23
18
10040
23
20
10041
23
21
10042
24
11
10043
24
12
10044
24
14
10045
24
17
10046
24
22
10047
25
4
10048
25
10
10049
25
13
10050
25
19
10051
26
12
10052
26
14
10053
26
17
10054
27
13
10055
27
17
10056
27
20
10057
28
12
10058
28
16
10059
28
21
10060
28
22
10061
29
13
10062
29
19
10063
29
20
10064
29
25
10065
29
27
10066
30
16
10067
30
18
10068
30
22
10069
30
28
10070
31
3
10071
31
19
10072
31
20
10073
31
21
10074
31
23
10075
31
29
10076
</Edges>
