<Places>
807
390
0
812
377
1
822
380
2
816
384
3
823
402
4
812
389
5
822
401
6
804
374
7
816
380
8
976
10
9
978
15
10
992
15
11
115
452
12
308
48
13
759
290
14
881
144
15
275
162
16
289
250
17
540
474
18
601
448
19
588
451
20
207
203
21
59
160
22
617
104
23
59
254
24
689
159
25
895
342
26
408
472
27
749
233
28
350
618
29
650
217
30
45
551
31
</Places>
<Edges>
1
0
1000
2
1
1001
3
1
1002
3
2
1003
4
0
1004
4
2
1005
5
0
1006
5
1
1007
5
3
1008
6
0
1009
6
2
10010
6
3
10011
6
4
10012
6
5
10013
7
0
10014
7
1
10015
8
1
10016
8
2
10017
8
3
10018
10
9
10019
11
9
10020
11
10
10021
13
9
10022
14
7
10023
15
11
10024
15
14
10025
16
13
10026
17
12
10027
17
16
10028
19
7
10029
19
14
10030
19
18
10031
20
18
10032
20
19
10033
21
12
10034
21
13
10035
21
16
10036
21
17
10037
22
13
10038
22
21
10039
23
9
10040
23
13
10041
23
15
10042
23
16
10043
23
17
10044
24
12
10045
24
21
10046
24
22
10047
25
15
10048
25
23
10049
26
7
10050
26
11
10051
26
14
10052
26
15
10053
27
12
10054
27
17
10055
27
18
10056
28
14
10057
28
15
10058
28
25
10059
29
4
10060
29
12
10061
29
18
10062
29
19
10063
29
27
10064
30
14
10065
30
17
10066
30
18
10067
30
19
10068
30
20
10069
30
23
10070
30
25
10071
30
27
10072
30
28
10073
31
12
10074
31
24
10075
31
29
10076
</Edges>
