<Places>
439
623
0
457
632
1
421
641
2
496
371
3
510
378
4
485
365
5
509
354
6
504
364
7
477
362
8
485
372
9
85
668
10
178
473
11
360
313
12
878
194
13
964
438
14
834
69
15
242
658
16
25
409
17
884
551
18
334
507
19
761
674
20
163
142
21
875
317
22
918
52
23
22
592
24
605
465
25
908
45
26
371
583
27
768
297
28
757
449
29
225
413
30
343
254
31
</Places>
<Edges>
1
0
1000
2
0
1001
2
1
1002
3
0
1003
4
3
1004
5
3
1005
6
4
1006
6
5
1007
7
3
1008
7
4
1009
7
5
10010
7
6
10011
8
5
10012
8
6
10013
9
3
10014
9
4
10015
9
5
10016
9
8
10017
11
10
10018
12
8
10019
14
13
10020
15
6
10021
15
13
10022
16
2
10023
16
10
10024
16
11
10025
17
11
10026
18
14
10027
19
9
10028
19
11
10029
19
12
10030
19
16
10031
20
2
10032
20
10
10033
20
16
10034
20
18
10035
21
15
10036
21
17
10037
22
13
10038
22
14
10039
23
13
10040
23
14
10041
23
15
10042
24
10
10043
24
11
10044
24
17
10045
25
1
10046
25
6
10047
25
20
10048
26
15
10049
26
21
10050
26
23
10051
27
2
10052
27
9
10053
27
16
10054
27
19
10055
28
6
10056
28
13
10057
28
15
10058
28
22
10059
28
25
10060
29
14
10061
29
18
10062
29
20
10063
29
22
10064
29
25
10065
29
28
10066
30
11
10067
30
12
10068
30
17
10069
30
19
10070
30
21
10071
31
8
10072
31
12
10073
31
15
10074
31
21
10075
31
30
10076
</Edges>
