<Places>
873
141
0
874
152
1
877
155
2
888
124
3
860
140
4
857
143
5
859
137
6
355
250
7
365
257
8
338
236
9
521
206
10
534
288
11
907
627
12
793
548
13
969
481
14
297
211
15
540
415
16
739
657
17
687
493
18
5
403
19
515
676
20
432
79
21
603
501
22
145
501
23
671
530
24
701
64
25
230
86
26
819
406
27
974
497
28
168
365
29
242
469
30
110
661
31
</Places>
<Edges>
1
0
1000
2
0
1001
2
1
1002
3
0
1003
3
2
1004
4
0
1005
4
1
1006
5
1
1007
5
2
1008
5
4
1009
6
0
10010
6
3
10011
6
4
10012
6
5
10013
8
7
10014
9
7
10015
10
8
10016
11
5
10017
11
8
10018
11
10
10019
13
12
10020
14
3
10021
14
13
10022
15
9
10023
16
8
10024
16
11
10025
17
12
10026
17
13
10027
18
11
10028
18
13
10029
18
16
10030
20
16
10031
20
17
10032
21
9
10033
21
10
10034
21
15
10035
22
16
10036
22
18
10037
22
20
10038
23
19
10039
24
13
10040
24
17
10041
24
18
10042
24
20
10043
24
22
10044
25
6
10045
25
10
10046
25
11
10047
25
21
10048
26
15
10049
26
19
10050
26
21
10051
27
5
10052
27
11
10053
27
13
10054
27
14
10055
27
18
10056
28
3
10057
28
12
10058
28
13
10059
28
14
10060
29
9
10061
29
15
10062
29
19
10063
29
23
10064
29
26
10065
30
8
10066
30
16
10067
30
20
10068
30
23
10069
30
29
10070
31
19
10071
31
20
10072
31
23
10073
31
30
10074
</Edges>
