<Places>
591
188
0
596
200
1
580
180
2
117
75
3
107
75
4
113
74
5
115
78
6
120
83
7
107
86
8
21
495
9
153
388
10
535
275
11
730
425
12
369
551
13
842
370
14
369
520
15
190
439
16
979
585
17
732
455
18
733
352
19
685
12
20
212
414
21
722
333
22
792
558
23
395
547
24
468
392
25
411
322
26
543
565
27
333
247
28
213
692
29
449
293
30
325
404
31
</Places>
<Edges>
1
0
1000
2
0
1001
2
1
1002
5
3
1003
5
4
1004
6
1
1005
6
3
1006
6
4
1007
6
5
1008
7
3
1009
7
6
10010
8
4
10011
8
6
10012
8
7
10013
9
8
10014
10
8
10015
10
9
10016
11
2
10017
12
11
10018
14
12
10019
15
13
10020
16
9
10021
16
10
10022
16
13
10023
16
15
10024
17
14
10025
18
12
10026
18
14
10027
19
12
10028
19
14
10029
20
2
10030
20
5
10031
20
14
10032
20
17
10033
21
10
10034
21
15
10035
21
16
10036
22
1
10037
22
11
10038
22
12
10039
22
14
10040
22
19
10041
22
20
10042
23
14
10043
23
17
10044
23
18
10045
24
13
10046
24
15
10047
25
11
10048
25
12
10049
25
15
10050
25
24
10051
26
25
10052
27
12
10053
27
18
10054
27
23
10055
27
24
10056
27
25
10057
28
2
10058
28
7
10059
28
10
10060
28
21
10061
28
26
10062
29
9
10063
29
13
10064
29
16
10065
29
17
10066
29
23
10067
29
24
10068
29
27
10069
30
2
10070
30
11
10071
30
25
10072
30
26
10073
30
28
10074
31
15
10075
31
21
10076
31
25
10077
31
26
10078
31
28
10079
</Edges>
