<Places>
353
381
0
359
398
1
348
381
2
357
384
3
340
372
4
356
362
5
350
393
6
604
436
7
604
445
8
586
455
9
594
432
10
601
421
11
600
421
12
460
158
13
788
81
14
926
595
15
815
281
16
292
490
17
316
630
18
974
110
19
677
662
20
503
61
21
956
156
22
857
683
23
671
694
24
167
82
25
4
635
26
175
516
27
389
223
28
505
507
29
501
156
30
275
681
31
</Places>
<Edges>
2
0
1000
3
0
1001
3
1
1002
4
2
1003
5
0
1004
5
2
1005
5
3
1006
5
4
1007
6
0
1008
6
1
1009
6
2
10010
6
3
10011
6
4
10012
8
5
10013
8
7
10014
9
8
10015
10
7
10016
10
8
10017
10
9
10018
11
7
10019
11
10
10020
12
10
10021
12
11
10022
15
8
10023
16
11
10024
16
14
10025
16
15
10026
17
6
10027
18
17
10028
19
14
10029
19
15
10030
20
9
10031
20
15
10032
21
13
10033
21
14
10034
22
14
10035
22
15
10036
22
16
10037
22
19
10038
23
15
10039
23
20
10040
24
18
10041
24
20
10042
24
23
10043
25
4
10044
25
13
10045
25
21
10046
26
25
10047
27
4
10048
27
17
10049
27
18
10050
27
25
10051
27
26
10052
28
5
10053
28
12
10054
28
13
10055
28
25
10056
29
1
10057
29
10
10058
29
17
10059
29
18
10060
29
20
10061
29
24
10062
30
12
10063
30
13
10064
30
14
10065
30
16
10066
30
21
10067
30
28
10068
31
18
10069
31
24
10070
31
26
10071
31
27
10072
</Edges>
