<Places>
124
613
0
116
594
1
134
622
2
143
631
3
124
602
4
737
340
5
731
339
6
740
345
7
721
342
8
722
340
9
756
337
10
726
335
11
16
672
12
157
486
13
274
185
14
613
513
15
662
669
16
941
120
17
381
184
18
933
434
19
399
483
20
954
141
21
980
474
22
502
292
23
525
673
24
794
44
25
184
122
26
934
557
27
667
8
28
813
158
29
938
415
30
481
116
31
</Places>
<Edges>
1
0
1000
2
0
1001
3
2
1002
4
0
1003
4
1
1004
4
2
1005
4
3
1006
6
5
1007
7
5
1008
7
6
1009
8
6
10010
8
7
10011
9
6
10012
9
8
10013
10
5
10014
10
7
10015
11
5
10016
11
6
10017
11
9
10018
11
10
10019
12
3
10020
13
4
10021
13
12
10022
14
13
10023
15
8
10024
16
15
10025
18
14
10026
19
10
10027
20
3
10028
20
13
10029
20
14
10030
20
15
10031
20
18
10032
21
17
10033
22
19
10034
22
21
10035
23
11
10036
23
15
10037
23
18
10038
23
20
10039
24
3
10040
24
12
10041
24
15
10042
24
16
10043
24
20
10044
25
17
10045
26
12
10046
26
13
10047
26
14
10048
26
18
10049
27
7
10050
27
15
10051
27
16
10052
27
19
10053
27
22
10054
28
25
10055
28
26
10056
29
11
10057
29
17
10058
29
21
10059
29
25
10060
29
28
10061
30
10
10062
30
19
10063
30
21
10064
30
22
10065
30
29
10066
31
11
10067
31
18
10068
31
23
10069
31
26
10070
31
28
10071
31
29
10072
</Edges>
