<Places>
649
148
0
648
142
1
663
133
2
645
133
3
427
664
4
417
676
5
427
669
6
415
651
7
408
675
8
372
65
9
731
561
10
163
398
11
866
375
12
987
207
13
887
376
14
933
206
15
500
508
16
588
581
17
359
367
18
557
311
19
771
192
20
318
389
21
8
20
22
532
282
23
19
352
24
744
580
25
355
430
26
322
315
27
859
98
28
236
31
29
507
353
30
562
527
31
</Places>
<Edges>
1
0
1000
2
0
1001
2
1
1002
3
0
1003
3
1
1004
3
2
1005
5
4
1006
6
4
1007
6
5
1008
7
4
1009
7
5
10010
8
5
10011
8
7
10012
9
3
10013
11
8
10014
12
10
10015
14
12
10016
14
13
10017
15
12
10018
15
13
10019
15
14
10020
16
7
10021
17
6
10022
17
10
10023
17
16
10024
19
0
10025
19
10
10026
19
12
10027
20
2
10028
20
12
10029
20
15
10030
20
19
10031
21
11
10032
21
18
10033
23
3
10034
23
9
10035
23
18
10036
23
19
10037
24
8
10038
24
11
10039
24
22
10040
25
6
10041
25
10
10042
25
12
10043
25
14
10044
25
17
10045
26
7
10046
26
11
10047
26
16
10048
26
18
10049
26
21
10050
27
9
10051
27
11
10052
27
18
10053
27
21
10054
27
23
10055
28
3
10056
28
9
10057
28
13
10058
28
15
10059
28
20
10060
29
9
10061
29
11
10062
29
22
10063
29
24
10064
29
27
10065
29
28
10066
30
16
10067
30
18
10068
30
19
10069
30
23
10070
30
26
10071
31
10
10072
31
16
10073
31
17
10074
31
19
10075
31
30
10076
</Edges>
