<Places>
118
227
0
99
214
1
116
233
2
104
212
4
104
212
4
548
574
5
530
575
6
563
566
7
558
562
8
18
403
9
393
153
10
780
22
11
781
526
12
255
695
13
367
16
14
629
104
15
897
352
16
597
14
17
583
613
18
342
54
19
373
146
20
719
174
21
911
120
22
420
623
23
878
656
24
948
149
25
224
43
26
914
68
27
682
347
28
382
469
29
317
689
30
771
317
31
</Places>
<Edges>
1
0
1000
2
0
1001
2
1
1002
4
0
1003
4
1
1004
6
5
1005
7
5
1006
8
5
1007
8
6
1008
8
7
1009
9
2
10010
12
7
10011
13
9
10012
14
10
10013
15
10
10014
15
11
10015
16
12
10016
17
10
10017
17
11
10018
17
14
10019
17
15
10020
18
7
10021
18
12
10022
19
10
10023
19
14
10024
20
2
10025
20
10
10026
20
19
10027
21
11
10028
21
15
10029
22
11
10030
22
21
10031
23
6
10032
23
18
10033
24
12
10034
24
16
10035
24
18
10036
25
16
10037
25
22
10038
25
24
10039
26
4
10040
26
14
10041
26
19
10042
26
20
10043
27
11
10044
27
22
10045
27
25
10046
28
8
10047
28
10
10048
28
12
10049
28
15
10050
28
21
10051
29
2
10052
29
8
10053
29
9
10054
29
10
10055
29
13
10056
29
20
10057
29
23
10058
29
28
10059
30
13
10060
30
18
10061
30
23
10062
30
24
10063
30
29
10064
31
12
10065
31
16
10066
31
21
10067
31
22
10068
31
25
10069
31
28
10070
</Edges>
